@relation Dataset
@attribute Gender {Male,Female}
@attribute Ethnicity {Caucasian,Asian,Minority}
@attribute Age real
@attribute relative {Yes, No}
@attribute Interest {Atheletics, Cosmetics, Animals, Reading, Outgoing}
@attribute Relationship {Yes, No}
@attribute Post {Frequent, Non-Frequent}






@data
Male,Female,Caucasian,Asian,Minority,18-25,26-35,36-55,Yes,No,Atheletics,Cosmetics,Animals,Reading,Outgoing,Yes,No,Frequent,Non-Frequent
1,0,0,0,1,0,1,0,1,0,1,0,0,0,0,1,0,1,0
0,1,0,0,1,0,0,1,1,0,0,1,0,0,0,1,0,1,0
0,1,0,0,1,0,0,1,1,0,0,1,0,0,0,1,0,1,0
1,0,0,0,1,0,1,0,1,0,0,0,0,0,1,1,0,0,1
0,1,0,0,1,1,0,0,1,0,0,1,0,0,0,1,0,1,0
1,0,0,0,1,0,1,0,1,0,0,0,0,0,1,1,0,1,0
1,0,0,0,1,0,0,1,1,0,0,0,0,0,1,1,0,1,0
1,0,0,0,1,1,0,0,1,0,0,1,0,0,0,0,1,1,0
1,0,0,0,1,0,1,0,1,0,0,1,0,0,0,0,1,0,1
0,1,0,0,1,0,1,0,1,0,0,0,0,0,1,0,1,1,0
1,0,0,0,1,0,1,0,1,0,1,0,0,0,0,1,0,0,1
0,1,0,0,1,0,1,0,0,1,0,0,0,0,1,0,1,1,0
1,0,0,0,1,1,0,0,0,1,0,0,0,1,0,1,0,1,0
1,0,0,0,1,0,0,1,0,1,0,0,0,0,0,0,1,0,1
1,0,0,0,1,0,1,0,1,0,0,0,0,0,1,1,0,0,1
0,1,0,0,1,1,0,0,0,1,0,0,0,0,1,1,0,0,1
1,0,0,0,1,1,0,0,0,1,1,0,0,0,0,1,0,1,0
1,0,0,0,1,0,0,1,0,1,0,0,0,1,0,1,0,0,1
1,0,0,0,1,0,1,0,1,0,0,0,1,0,0,0,1,0,1
0,1,0,0,1,0,0,1,0,1,0,0,0,0,1,1,0,1,0
1,0,0,0,1,0,1,0,0,1,0,0,0,0,1,1,0,0,1
0,1,0,0,1,0,0,1,0,1,0,0,1,0,0,0,1,0,1
1,0,0,0,1,1,0,0,0,1,0,0,0,0,1,1,0,0,1